# no-speed no-bounce xytol=2.5
# loading zut\20160929_testmatch_VDL_2ndhalf_frontBalls.txt ...
# got 139775 measurements
#   t_start = 2016-09-29,19:19:00.025319
#   t_end   = 2016-09-29,19:45:30.683773
#   elapsed = 1590.66s
# extending data with cached matrices ...
# done processing zut\20160929_testmatch_VDL_2ndhalf_frontBalls.txt
# applying generic filter options and only taking measurements before t=2016-09-29,19:19:30.000000
# --> 3191 measurements remaining, 136584 measurements prefiltered (97.7%)
# fbt_solve_sequence: 0 measurements prefiltered (0.0%)
#           time #tr #b   id conf   solx   soly   solz  solvx  solvy  solvz   age #meas ncam omni qcam qage   qm  qfr   qz   qv qfit  res
 86642340.125319   2
 86642340.225319   2
 86642340.325319   2
 86642340.425319   3
 86642340.525319   3
 86642340.625319   3
 86642340.725319   4
 86642340.825319   4
 86642340.925319   4
 86642341.025319   5
 86642341.125319   5
 86642341.225319   5
 86642341.325319   5
 86642341.425319   5
 86642341.525319   5
 86642341.625319   5
 86642341.725319   5
 86642341.825319   6
 86642341.925319   6
 86642342.025319   7
 86642342.125319   7
 86642342.225319   8
 86642342.325319   8
 86642342.425319   8
 86642342.525319   7
 86642342.625319   7
 86642342.725319   7
 86642342.825319   7
 86642342.925319   8  1    1 0.20  -0.19  -0.69   0.63   0.00   0.00   0.00   2.9   112    2    1 0.67 0.57 1.00 0.99 1.00 1.00 0.54 0.38
 86642343.025319   8  1    1 0.21  -0.22  -0.70   0.60   0.00   0.00   0.00   3.0   109    2    1 0.67 0.59 1.00 0.99 1.00 1.00 0.54 0.38
 86642343.125319   8  1    1 0.22  -0.24  -0.72   0.55   0.00   0.00   0.00   3.1   105    2    1 0.67 0.61 1.00 0.99 1.00 1.00 0.55 0.38
 86642343.225319   9  1    1 0.23  -0.27  -0.74   0.51   0.00   0.00   0.00   3.2   102    2    1 0.67 0.63 1.00 0.99 1.00 1.00 0.55 0.38
 86642343.325319  10  1    1 0.24  -0.28  -0.75   0.48   0.00   0.00   0.00   3.3   101    2    1 0.67 0.65 1.00 1.00 1.00 1.00 0.55 0.38
 86642343.425319  10  1    1 0.24  -0.29  -0.76   0.46   0.00   0.00   0.00   3.4   101    2    1 0.67 0.67 1.00 0.99 1.00 1.00 0.55 0.38
 86642343.525319  10  1    1 0.26  -0.29  -0.80   0.41   0.00   0.00   0.00   3.5   103    2    1 0.67 0.69 1.00 0.99 1.00 1.00 0.56 0.38
 86642343.625319  10  1    1 0.26  -0.29  -0.82   0.38   0.00   0.00   0.00   3.6   105    2    1 0.67 0.71 1.00 0.99 1.00 1.00 0.56 0.38
 86642343.725319  10  1    1 0.28  -0.29  -0.84   0.36   0.00   0.00   0.00   3.7   107    2    1 0.67 0.73 1.00 1.00 1.00 1.00 0.56 0.37
 86642343.825319  10  1    1 0.28  -0.29  -0.85   0.34   0.00   0.00   0.00   3.8   108    2    1 0.67 0.75 1.00 1.00 1.00 1.00 0.57 0.37
 86642343.925319  10  1    1 0.29  -0.29  -0.85   0.33   0.00   0.00   0.00   3.9   108    2    1 0.67 0.77 1.00 1.00 1.00 1.00 0.56 0.37
 86642344.025319   9  1    1 0.30  -0.29  -0.87   0.31   0.00   0.00   0.00   4.0   108    2    1 0.67 0.79 1.00 1.00 1.00 1.00 0.57 0.37
 86642344.125319   9  1    1 0.31  -0.30  -0.86   0.30   0.00   0.00   0.00   4.1   107    2    1 0.67 0.81 1.00 1.00 1.00 1.00 0.57 0.37
 86642344.225319  11  1    1 0.31  -0.29  -0.85   0.30   0.00   0.00   0.00   4.2   108    2    1 0.67 0.83 1.00 0.99 1.00 1.00 0.56 0.38
 86642344.325319  10  1    1 0.31  -0.29  -0.85   0.30   0.00   0.00   0.00   4.3   111    2    1 0.67 0.85 1.00 1.00 1.00 1.00 0.55 0.38
 86642344.425319  10  1    1 0.32  -0.30  -0.85   0.31   0.00   0.00   0.00   4.4   112    2    1 0.67 0.87 1.00 1.00 1.00 1.00 0.55 0.38
 86642344.525319  10  1    1 0.33  -0.30  -0.85   0.30   0.00   0.00   0.00   4.5   112    2    1 0.67 0.89 1.00 0.99 1.00 1.00 0.55 0.38
 86642344.625319  10  1    1 0.33  -0.31  -0.86   0.30   0.00   0.00   0.00   4.6   112    2    1 0.67 0.91 1.00 0.99 1.00 1.00 0.55 0.38
 86642344.725319  10  1    1 0.34  -0.32  -0.88   0.29   0.00   0.00   0.00   4.7   112    2    1 0.67 0.93 1.00 1.00 1.00 1.00 0.55 0.38
 86642344.825319  10  1    1 0.35  -0.33  -0.86   0.30   0.00   0.00   0.00   4.8   110    2    1 0.67 0.95 1.00 0.99 1.00 1.00 0.55 0.38
 86642344.925319  10  1    1 0.35  -0.33  -0.83   0.30   0.00   0.00   0.00   4.9   108    2    1 0.67 0.97 1.00 0.99 1.00 1.00 0.55 0.38
 86642345.025319  10  1    1 0.36  -0.33  -0.85   0.30   0.00   0.00   0.00   5.0   109    2    1 0.67 0.99 1.00 1.00 1.00 1.00 0.55 0.38
 86642345.125319  10  1    1 0.37  -0.34  -0.90   0.29   0.00   0.00   0.00   5.1   111    2    1 0.67 1.00 1.00 0.99 1.00 1.00 0.56 0.38
 86642345.225319  10  1    1 0.37  -0.34  -0.90   0.29   0.00   0.00   0.00   5.2   111    2    1 0.67 1.00 1.00 0.99 1.00 1.00 0.56 0.38
 86642345.325319   9  1    1 0.37  -0.35  -0.92   0.28   0.00   0.00   0.00   5.3   110    2    1 0.67 1.00 1.00 0.99 1.00 1.00 0.56 0.37
 86642345.425319   9  1    1 0.37  -0.36  -0.93   0.27   0.00   0.00   0.00   5.4   107    2    1 0.67 1.00 1.00 0.99 1.00 1.00 0.57 0.37
 86642345.525319   9  1    1 0.37  -0.37  -0.90   0.27   0.00   0.00   0.00   5.5   102    2    1 0.67 1.00 1.00 0.99 1.00 1.00 0.56 0.37
 86642345.625319   9  1    1 0.56  -0.37  -0.86   0.27   0.00   0.00   0.00   5.6    99    3    1 1.00 1.00 1.00 1.00 1.00 1.00 0.56 0.37
 86642345.725319   9  1    1 0.56  -0.38  -0.85   0.27   0.00   0.00   0.00   5.7    94    3    1 1.00 1.00 1.00 0.99 1.00 1.00 0.56 0.38
 86642345.825319  10  1    1 0.56  -0.39  -0.88   0.27   0.00   0.00   0.00   5.8    95    3    1 1.00 1.00 1.00 1.00 1.00 1.00 0.57 0.37
 86642345.925319  10  1    1 0.58  -0.39  -0.94   0.26   0.00   0.00   0.00   5.9    98    3    1 1.00 1.00 1.00 1.00 1.00 1.00 0.58 0.37
 86642346.025319  11  1    1 0.57  -0.39  -0.95   0.26   0.00   0.00   0.00   6.0    96    3    1 1.00 1.00 1.00 0.99 1.00 1.00 0.58 0.37
 86642346.125319  11  1    1 0.57  -0.39  -0.94   0.26   0.00   0.00   0.00   6.1    93    3    1 1.00 1.00 1.00 1.00 1.00 1.00 0.57 0.37
 86642346.225319  11  1    1 0.58  -0.40  -1.00   0.26   0.00   0.00   0.00   6.2    94    3    1 1.00 1.00 1.00 0.99 1.00 1.00 0.58 0.37
 86642346.325319  11  1    1 0.58  -0.42  -1.01   0.25   0.00   0.00   0.00   6.3    94    3    1 1.00 1.00 1.00 0.99 1.00 1.00 0.59 0.37
 86642346.425319  12  1    1 0.59  -0.42  -1.04   0.25   0.00   0.00   0.00   6.4    96    3    1 1.00 1.00 1.00 0.99 1.00 1.00 0.59 0.36
 86642346.525319  12  1    1 0.58  -0.41  -1.03   0.26   0.00   0.00   0.00   6.5   100    3    1 1.00 1.00 1.00 1.00 1.00 1.00 0.58 0.37
 86642346.625319  12  1    1 0.57  -0.40  -1.01   0.27   0.00   0.00   0.00   6.6   101    3    1 1.00 1.00 1.00 0.99 1.00 1.00 0.57 0.37
 86642346.725319  12  1    1 0.55  -0.40  -0.95   0.29   0.00   0.00   0.00   6.7   102    3    1 1.00 1.00 1.00 1.00 1.00 1.00 0.55 0.38
 86642346.825319  12  1    1 0.54  -0.40  -0.92   0.30   0.00   0.00   0.00   6.8   103    3    1 1.00 1.00 1.00 0.99 1.00 1.00 0.55 0.38
 86642346.925319  12  1    1 0.54  -0.39  -0.92   0.31   0.00   0.00   0.00   6.9   107    3    1 1.00 1.00 1.00 1.00 1.00 1.00 0.54 0.38
 86642347.025319  13  1    1 0.54  -0.39  -0.93   0.32   0.00   0.00   0.00   7.0   110    3    1 1.00 1.00 1.00 1.00 1.00 1.00 0.54 0.38
 86642347.125319  13  1    1 0.53  -0.39  -0.87   0.34   0.00   0.00   0.00   7.1   111    3    1 1.00 1.00 1.00 0.99 1.00 1.00 0.53 0.39
 86642347.225319  13  1    1 0.52  -0.39  -0.86   0.35   0.00   0.00   0.00   7.2   114    3    1 1.00 1.00 1.00 0.99 1.00 1.00 0.53 0.39
 86642347.325319  13  1    1 0.53  -0.39  -0.91   0.34   0.00   0.00   0.00   7.3   118    3    1 1.00 1.00 1.00 1.00 1.00 1.00 0.53 0.39
 86642347.425319  13  1    1 0.52  -0.39  -0.93   0.35   0.00   0.00   0.00   7.4   122    3    1 1.00 1.00 1.00 0.99 1.00 1.00 0.53 0.39
 86642347.525319  12  1    1 0.52  -0.39  -0.93   0.35   0.00   0.00   0.00   7.5   126    3    1 1.00 1.00 1.00 1.00 1.00 1.00 0.53 0.39
 86642347.625319  12  1    1 0.35  -0.40  -0.98   0.35   0.00   0.00   0.00   7.6   128    2    1 0.67 1.00 1.00 1.00 1.00 1.00 0.53 0.39
 86642347.725319  12  1    1 0.35  -0.40  -0.98   0.35   0.00   0.00   0.00   7.7   130    2    1 0.67 1.00 1.00 1.00 1.00 1.00 0.53 0.39
 86642347.825319  11  1    1 0.35  -0.41  -0.92   0.36   0.00   0.00   0.00   7.8   128    2    1 0.67 1.00 1.00 1.00 1.00 1.00 0.52 0.39
 86642347.925319  11  1    1 0.34  -0.42  -0.85   0.38   0.00   0.00   0.00   7.9   126    2    1 0.67 1.00 1.00 0.99 1.00 1.00 0.52 0.39
 86642348.025319  10  1    1 0.34  -0.42  -0.79   0.39   0.00   0.00   0.00   8.0   127    2    1 0.67 1.00 1.00 1.00 1.00 1.00 0.52 0.39
 86642348.125319   9  1    1 0.34  -0.42  -0.86   0.37   0.00   0.00   0.00   8.1   131    2    1 0.67 1.00 1.00 0.99 1.00 1.00 0.52 0.39
 86642348.225319   9  1    1 0.34  -0.43  -0.82   0.38   0.00   0.00   0.00   8.2   131    2    1 0.67 1.00 1.00 0.99 1.00 1.00 0.52 0.39
 86642348.325319   8  1    1 0.34  -0.42  -0.91   0.36   0.00   0.00   0.00   8.3   133    2    1 0.67 1.00 1.00 0.99 1.00 1.00 0.52 0.39
 86642348.425319   8  1    1 0.35  -0.43  -0.91   0.36   0.00   0.00   0.00   8.4   134    2    1 0.67 1.00 1.00 1.00 1.00 1.00 0.52 0.39
 86642348.525319   8  1    1 0.35  -0.42  -0.97   0.35   0.00   0.00   0.00   8.5   134    2    1 0.67 1.00 1.00 0.99 1.00 1.00 0.53 0.39
 86642348.625319   8  1    1 0.35  -0.42  -1.00   0.35   0.00   0.00   0.00   8.6   137    2    1 0.67 1.00 1.00 1.00 1.00 1.00 0.53 0.39
 86642348.725319   7  1    1 0.35  -0.42  -1.00   0.34   0.00   0.00   0.00   8.7   136    2    1 0.67 1.00 1.00 1.00 1.00 1.00 0.53 0.39
 86642348.825319   8  1    1 0.35  -0.43  -1.00   0.34   0.00   0.00   0.00   8.8   136    2    1 0.67 1.00 1.00 1.00 1.00 1.00 0.53 0.39
 86642348.925319   7  1    1 0.35  -0.43  -1.01   0.34   0.00   0.00   0.00   8.9   135    2    1 0.67 1.00 1.00 1.00 1.00 1.00 0.53 0.39
 86642349.025319   7  1    1 0.35  -0.43  -0.98   0.35   0.00   0.00   0.00   9.0   134    2    1 0.67 1.00 1.00 0.99 1.00 1.00 0.53 0.39
 86642349.125319   7  1    1 0.35  -0.43  -0.98   0.35   0.00   0.00   0.00   9.1   134    2    1 0.67 1.00 1.00 1.00 1.00 1.00 0.53 0.39
 86642349.225319   7  1    1 0.35  -0.43  -1.01   0.34   0.00   0.00   0.00   9.2   135    2    1 0.67 1.00 1.00 0.99 1.00 1.00 0.53 0.39
 86642349.325319   7  1    1 0.35  -0.43  -0.96   0.35   0.00   0.00   0.00   9.3   134    2    1 0.67 1.00 1.00 0.99 1.00 1.00 0.53 0.39
 86642349.425319   7  1    1 0.53  -0.42  -0.98   0.34   0.00   0.00   0.00   9.4   137    3    1 1.00 1.00 1.00 1.00 1.00 1.00 0.53 0.39
 86642349.525319   7  1    1 0.53  -0.41  -1.05   0.33   0.00   0.00   0.00   9.5   138    3    1 1.00 1.00 1.00 1.00 1.00 1.00 0.54 0.39
 86642349.625319   7  1    1 0.54  -0.41  -1.09   0.32   0.00   0.00   0.00   9.6   140    3    1 1.00 1.00 1.00 1.00 1.00 1.00 0.54 0.38
 86642349.725319   7  1    1 0.55  -0.41  -1.15   0.31   0.00   0.00   0.00   9.7   144    3    1 1.00 1.00 1.00 1.00 1.00 1.00 0.55 0.38
 86642349.825319   7  1    1 0.55  -0.41  -1.15   0.31   0.00   0.00   0.00   9.8   144    3    1 1.00 1.00 1.00 1.00 1.00 1.00 0.55 0.38
 86642349.925319   7  1    1 0.55  -0.41  -1.14   0.32   0.00   0.00   0.00   9.9   142    3    1 1.00 1.00 1.00 1.00 1.00 1.00 0.55 0.38
 86642350.025319   7  1    1 0.54  -0.41  -1.14   0.32   0.00   0.00   0.00  10.0   142    3    1 1.00 1.00 1.00 0.99 1.00 1.00 0.55 0.38
 86642350.125319   7  1    1 0.54  -0.42  -1.10   0.32   0.00   0.00   0.00  10.1   140    3    1 1.00 1.00 1.00 0.99 1.00 1.00 0.54 0.38
 86642350.225319   7  1    1 0.54  -0.41  -1.08   0.33   0.00   0.00   0.00  10.2   140    3    1 1.00 1.00 1.00 1.00 1.00 1.00 0.54 0.38
 86642350.325319   7  1    1 0.53  -0.42  -1.03   0.33   0.00   0.00   0.00  10.3   136    3    1 1.00 1.00 1.00 0.99 1.00 1.00 0.53 0.39
 86642350.425319   7  1    1 0.53  -0.42  -1.03   0.33   0.00   0.00   0.00  10.4   133    3    1 1.00 1.00 1.00 0.99 1.00 1.00 0.54 0.39
 86642350.525319   7  1    1 0.53  -0.42  -1.00   0.34   0.00   0.00   0.00  10.5   133    3    1 1.00 1.00 1.00 1.00 1.00 1.00 0.53 0.39
 86642350.625319   6  1    1 0.53  -0.42  -1.00   0.33   0.00   0.00   0.00  10.6   132    3    1 1.00 1.00 1.00 1.00 1.00 1.00 0.53 0.39
 86642350.725319   6  1    1 0.53  -0.42  -1.02   0.33   0.00   0.00   0.00  10.7   133    3    1 1.00 1.00 1.00 1.00 1.00 1.00 0.54 0.39
 86642350.825319   6  1    1 0.54  -0.41  -1.04   0.33   0.00   0.00   0.00  10.8   135    3    1 1.00 1.00 1.00 1.00 1.00 1.00 0.54 0.38
 86642350.925319   6  1    1 0.54  -0.41  -1.06   0.32   0.00   0.00   0.00  10.9   136    3    1 1.00 1.00 1.00 1.00 1.00 1.00 0.54 0.38
 86642351.025319   6  1    1 0.54  -0.41  -1.06   0.32   0.00   0.00   0.00  11.0   135    3    1 1.00 1.00 1.00 1.00 1.00 1.00 0.54 0.38
 86642351.125319   6  1    1 0.54  -0.41  -1.06   0.32   0.00   0.00   0.00  11.1   135    3    1 1.00 1.00 1.00 0.99 1.00 1.00 0.54 0.38
 86642351.225319   6  1    1 0.53  -0.41  -1.03   0.33   0.00   0.00   0.00  11.2   134    3    1 1.00 1.00 1.00 0.99 1.00 1.00 0.54 0.38
 86642351.325319   6  1    1 0.53  -0.41  -1.04   0.33   0.00   0.00   0.00  11.3   134    3    1 1.00 1.00 1.00 0.99 1.00 1.00 0.54 0.38
 86642351.425319   6  1    1 0.35  -0.43  -1.00   0.33   0.00   0.00   0.00  11.4   130    2    1 0.67 1.00 1.00 1.00 1.00 1.00 0.53 0.39
 86642351.525319   6  1    1 0.35  -0.43  -0.93   0.35   0.00   0.00   0.00  11.5   128    2    1 0.67 1.00 1.00 1.00 1.00 1.00 0.53 0.39
 86642351.625319   6  1    1 0.35  -0.43  -0.86   0.36   0.00   0.00   0.00  11.6   126    2    1 0.67 1.00 1.00 1.00 1.00 1.00 0.52 0.39
 86642351.725319   6  1    1 0.35  -0.43  -0.72   0.39   0.00   0.00   0.00  11.7   123    2    1 0.67 1.00 1.00 0.99 1.00 1.00 0.52 0.39
 86642351.825319   6  1    1 0.35  -0.43  -0.72   0.39   0.00   0.00   0.00  11.8   123    2    1 0.67 1.00 1.00 0.99 1.00 1.00 0.52 0.39
 86642351.925319   6  1    1 0.35  -0.43  -0.72   0.40   0.00   0.00   0.00  11.9   124    2    1 0.67 1.00 1.00 0.99 1.00 1.00 0.52 0.39
 86642352.025319   6  1    1 0.35  -0.43  -0.72   0.40   0.00   0.00   0.00  12.0   124    2    1 0.67 1.00 1.00 0.99 1.00 1.00 0.52 0.39
 86642352.125319   6  1    1 0.35  -0.42  -0.74   0.39   0.00   0.00   0.00  12.1   125    2    1 0.67 1.00 1.00 0.99 1.00 1.00 0.52 0.39
 86642352.225319   6  1    1 0.35  -0.42  -0.74   0.39   0.00   0.00   0.00  12.2   124    2    1 0.67 1.00 1.00 0.99 1.00 1.00 0.52 0.39
 86642352.325319   6  1    1 0.35  -0.42  -0.74   0.40   0.00   0.00   0.00  12.3   127    2    1 0.67 1.00 1.00 1.00 1.00 1.00 0.52 0.39
 86642352.425319   6  1    1 0.35  -0.42  -0.68   0.42   0.00   0.00   0.00  12.4   128    2    1 0.67 1.00 1.00 1.00 1.00 1.00 0.52 0.39
 86642352.525319   6  1    1 0.35  -0.42  -0.63   0.43   0.00   0.00   0.00  12.5   127    2    1 0.67 1.00 1.00 1.00 1.00 1.00 0.53 0.39
 86642352.625319   6  1    1 0.36  -0.42  -0.56   0.44   0.00   0.00   0.00  12.6   126    2    1 0.67 1.00 1.00 1.00 1.00 1.00 0.54 0.38
 86642352.725319   6  1    1 0.37  -0.43  -0.48   0.46   0.00   0.00   0.00  12.7   125    2    1 0.67 1.00 1.00 1.00 1.00 1.00 0.55 0.38
 86642352.825319   6  1    1 0.38  -0.43  -0.41   0.48   0.00   0.00   0.00  12.8   124    2    1 0.67 1.00 1.00 0.99 1.00 1.00 0.57 0.37
 86642352.925319   5  1    1 0.40  -0.43  -0.31   0.51   0.00   0.00   0.00  12.9   123    2    1 0.67 1.00 1.00 1.00 1.00 1.00 0.61 0.36
 86642353.025319   5  1    1 0.39  -0.43  -0.38   0.49   0.00   0.00   0.00  13.0   126    2    1 0.67 1.00 1.00 1.00 1.00 1.00 0.58 0.37
 86642353.125319   5  1    1 0.39  -0.43  -0.38   0.49   0.00   0.00   0.00  13.1   126    2    1 0.67 1.00 1.00 1.00 1.00 1.00 0.58 0.37
 86642353.225319   5  1    1 0.38  -0.43  -0.38   0.49   0.00   0.00   0.00  13.2   126    2    1 0.67 1.00 1.00 1.00 1.00 1.00 0.58 0.37
 86642353.325319   5  1    1 0.40  -0.44  -0.31   0.50   0.00   0.00   0.00  13.3   125    2    1 0.67 1.00 1.00 1.00 1.00 1.00 0.61 0.36
 86642353.425319   5  1    1 0.40  -0.43  -0.32   0.51   0.00   0.00   0.00  13.4   124    2    1 0.67 1.00 1.00 0.99 1.00 1.00 0.61 0.36
 86642353.525319   5  1    1 0.40  -0.44  -0.31   0.51   0.00   0.00   0.00  13.5   125    2    1 0.67 1.00 1.00 1.00 1.00 1.00 0.61 0.36
 86642353.625319   5  1    1 0.44  -0.44  -0.19   0.54   0.00   0.00   0.00  13.6   124    2    1 0.67 1.00 1.00 1.00 1.00 1.00 0.66 0.33
 86642353.725319   5  1    1 0.44  -0.44  -0.19   0.54   0.00   0.00   0.00  13.7   124    2    1 0.67 1.00 1.00 0.99 1.00 1.00 0.66 0.33
 86642353.825319   5  1    1 0.44  -0.44  -0.19   0.54   0.00   0.00   0.00  13.8   124    2    1 0.67 1.00 1.00 0.99 1.00 1.00 0.66 0.33
 86642353.925319   5  1    1 0.44  -0.44  -0.19   0.55   0.00   0.00   0.00  13.9   125    2    1 0.67 1.00 1.00 1.00 1.00 1.00 0.66 0.33
 86642354.025319   5  1    1 0.44  -0.45  -0.19   0.55   0.00   0.00   0.00  14.0   125    2    1 0.67 1.00 1.00 1.00 1.00 1.00 0.66 0.33
 86642354.125319   5  1    1 0.48  -0.46  -0.11   0.57   0.00   0.00   0.00  14.1   124    2    1 0.67 1.00 1.00 1.00 1.00 1.00 0.72 0.31
 86642354.225319   5  1    1 0.48  -0.46  -0.11   0.57   0.00   0.00   0.00  14.2   124    2    1 0.67 1.00 1.00 1.00 1.00 1.00 0.72 0.31
 86642354.325319   5  1    1 0.48  -0.46  -0.11   0.57   0.00   0.00   0.00  14.3   123    2    1 0.67 1.00 1.00 1.00 1.00 1.00 0.72 0.31
 86642354.425319   5  1    1 0.48  -0.46  -0.11   0.57   0.00   0.00   0.00  14.4   123    2    1 0.67 1.00 1.00 1.00 1.00 1.00 0.72 0.31
 86642354.525319   5  1    1 0.48  -0.46  -0.11   0.57   0.00   0.00   0.00  14.5   123    2    1 0.67 1.00 1.00 1.00 1.00 1.00 0.72 0.31
 86642354.625319   6  1    1 0.48  -0.46  -0.11   0.57   0.00   0.00   0.00  14.6   123    2    1 0.67 1.00 1.00 0.99 1.00 1.00 0.72 0.31
 86642354.725319   6  1    1 0.48  -0.47  -0.11   0.57   0.00   0.00   0.00  14.7   123    2    1 0.67 1.00 1.00 0.99 1.00 1.00 0.72 0.31
 86642354.825319   6  1    1 0.48  -0.47  -0.11   0.57   0.00   0.00   0.00  14.8   123    2    1 0.67 1.00 1.00 0.99 1.00 1.00 0.72 0.31
 86642354.925319   6  1    1 0.48  -0.47  -0.11   0.57   0.00   0.00   0.00  14.9   123    2    1 0.67 1.00 1.00 0.99 1.00 1.00 0.72 0.31
 86642355.025319   6  1    1 0.56  -0.48   0.03   0.60   0.00   0.00   0.00  15.0   122    2    1 0.67 1.00 1.00 1.00 1.00 1.00 0.85 0.26
 86642355.125319   6  1    1 0.56  -0.48   0.03   0.60   0.00   0.00   0.00  15.1   122    2    1 0.67 1.00 1.00 1.00 1.00 1.00 0.85 0.26
 86642355.225319   6  1    1 0.56  -0.48   0.03   0.61   0.00   0.00   0.00  15.2   121    2    1 0.67 1.00 1.00 0.99 1.00 1.00 0.85 0.26
 86642355.325319   7  1    1 0.56  -0.48   0.03   0.60   0.00   0.00   0.00  15.3   122    2    1 0.67 1.00 1.00 0.99 1.00 1.00 0.85 0.26
 86642355.425319   6  1    1 0.56  -0.48   0.03   0.60   0.00   0.00   0.00  15.4   123    2    1 0.67 1.00 1.00 0.99 1.00 1.00 0.85 0.26
 86642355.525319   6  1    1 0.56  -0.48   0.03   0.60   0.00   0.00   0.00  15.5   122    2    1 0.67 1.00 1.00 0.99 1.00 1.00 0.85 0.26
 86642355.625319   7  1    1 0.56  -0.48   0.03   0.60   0.00   0.00   0.00  15.6   122    2    1 0.67 1.00 1.00 0.99 1.00 1.00 0.85 0.26
 86642355.725319   7  1    1 0.56  -0.48   0.03   0.60   0.00   0.00   0.00  15.7   122    2    1 0.67 1.00 1.00 0.99 1.00 1.00 0.85 0.26
 86642355.825319   7  1    1 0.56  -0.48   0.03   0.61   0.00   0.00   0.00  15.8   123    2    1 0.67 1.00 1.00 1.00 1.00 1.00 0.85 0.26
 86642355.925319   7  1    1 0.56  -0.48   0.03   0.60   0.00   0.00   0.00  15.9   121    2    1 0.67 1.00 1.00 0.99 1.00 1.00 0.85 0.26
 86642356.025319   7  1    1 0.56  -0.48   0.03   0.60   0.00   0.00   0.00  16.0   121    2    1 0.67 1.00 1.00 0.99 1.00 1.00 0.85 0.26
 86642356.125319   7  1    1 0.56  -0.48   0.03   0.60   0.00   0.00   0.00  16.1   122    2    1 0.67 1.00 1.00 1.00 1.00 1.00 0.85 0.26
 86642356.225319   7  1    1 0.56  -0.48   0.03   0.60   0.00   0.00   0.00  16.2   122    2    1 0.67 1.00 1.00 1.00 1.00 1.00 0.85 0.26
 86642356.325319   8  1    1 0.56  -0.48   0.04   0.60   0.00   0.00   0.00  16.3   122    2    1 0.67 1.00 1.00 1.00 1.00 1.00 0.85 0.26
 86642356.425319   8  1    1 0.56  -0.47   0.04   0.60   0.00   0.00   0.00  16.4   122    2    1 0.67 1.00 1.00 1.00 1.00 1.00 0.84 0.26
 86642356.525319   8  1    1 0.56  -0.47   0.04   0.60   0.00   0.00   0.00  16.5   122    2    1 0.67 1.00 1.00 0.99 1.00 1.00 0.84 0.26
 86642356.625319   9  1    1 0.56  -0.47   0.03   0.60   0.00   0.00   0.00  16.6   122    2    1 0.67 1.00 1.00 0.99 1.00 1.00 0.85 0.26
 86642356.725319   9  1    1 0.56  -0.48   0.02   0.60   0.00   0.00   0.00  16.7   122    2    1 0.67 1.00 1.00 0.99 1.00 1.00 0.85 0.26
 86642356.825319   8  1    1 0.52  -0.53  -0.28   0.57   0.00   0.00   0.00  16.8   125    2    1 0.67 1.00 1.00 1.00 1.00 1.00 0.78 0.29
 86642356.925319   8  1    1 0.52  -0.54  -0.30   0.57   0.00   0.00   0.00  16.9   125    2    1 0.67 1.00 1.00 1.00 1.00 1.00 0.78 0.29
 86642357.025319   8  1    1 0.51  -0.56  -0.41   0.57   0.00   0.00   0.00  17.0   124    2    1 0.67 1.00 1.00 0.99 1.00 1.00 0.77 0.29
 86642357.125319   9  1    1 0.50  -0.59  -0.52   0.56   0.00   0.00   0.00  17.1   126    2    1 0.67 1.00 1.00 1.00 1.00 1.00 0.75 0.30
 86642357.225319   9  1    1 0.50  -0.59  -0.53   0.55   0.00   0.00   0.00  17.2   127    2    1 0.67 1.00 1.00 0.99 1.00 1.00 0.76 0.30
 86642357.325319   8  1    1 0.50  -0.60  -0.54   0.55   0.00   0.00   0.00  17.3   126    2    1 0.67 1.00 1.00 0.99 1.00 1.00 0.76 0.30
 86642357.425319   8  1    1 0.50  -0.60  -0.55   0.55   0.00   0.00   0.00  17.4   126    2    1 0.67 1.00 1.00 0.99 1.00 1.00 0.76 0.30
 86642357.525319   8  1    1 0.50  -0.60  -0.56   0.55   0.00   0.00   0.00  17.5   126    2    1 0.67 1.00 1.00 0.99 1.00 1.00 0.76 0.30
 86642357.625319   8  1    1 0.50  -0.60  -0.57   0.54   0.00   0.00   0.00  17.6   126    2    1 0.67 1.00 1.00 0.99 1.00 1.00 0.76 0.30
 86642357.725319   8  1    1 0.51  -0.60  -0.58   0.54   0.00   0.00   0.00  17.7   127    2    1 0.67 1.00 1.00 1.00 1.00 1.00 0.76 0.29
 86642357.825319   8  1    1 0.51  -0.60  -0.60   0.53   0.00   0.00   0.00  17.8   125    2    1 0.67 1.00 1.00 0.99 1.00 1.00 0.76 0.29
 86642357.925319   9  1    1 0.51  -0.60  -0.60   0.53   0.00   0.00   0.00  17.9   127    2    1 0.67 1.00 1.00 1.00 1.00 1.00 0.77 0.29
 86642358.025319   9  1    1 0.51  -0.60  -0.62   0.53   0.00   0.00   0.00  18.0   127    2    1 0.67 1.00 1.00 1.00 1.00 1.00 0.77 0.29
 86642358.125319  10  1    1 0.70  -0.57  -0.66   0.50   0.00   0.00   0.00  18.1   127    3    1 1.00 1.00 1.00 1.00 1.00 1.00 0.70 0.32
 86642358.225319  10  1    1 0.70  -0.57  -0.69   0.50   0.00   0.00   0.00  18.2   127    3    1 1.00 1.00 1.00 1.00 1.00 1.00 0.70 0.32
 86642358.325319   9  1    1 0.71  -0.57  -0.72   0.50   0.00   0.00   0.00  18.3   127    3    1 1.00 1.00 1.00 0.99 1.00 1.00 0.71 0.32
 86642358.425319   9  1    1 0.71  -0.58  -0.76   0.49   0.00   0.00   0.00  18.4   127    3    1 1.00 1.00 1.00 0.99 1.00 1.00 0.72 0.31
 86642358.525319   9  1    1 0.72  -0.58  -0.79   0.49   0.00   0.00   0.00  18.5   127    3    1 1.00 1.00 1.00 1.00 1.00 1.00 0.72 0.31
 86642358.625319   8  1    1 0.72  -0.59  -0.83   0.48   0.00   0.00   0.00  18.6   127    3    1 1.00 1.00 1.00 0.99 1.00 1.00 0.73 0.31
 86642358.725319   8  1    1 0.72  -0.59  -0.86   0.48   0.00   0.00   0.00  18.7   127    3    1 1.00 1.00 1.00 0.99 1.00 1.00 0.73 0.31
 86642358.825319   8  1    1 0.74  -0.54  -0.61   0.49   0.00   0.00   0.00  18.8   124    3    1 1.00 1.00 1.00 0.99 1.00 1.00 0.74 0.30
 86642358.925319   8  1    1 0.75  -0.54  -0.63   0.48   0.00   0.00   0.00  18.9   125    3    1 1.00 1.00 1.00 1.00 1.00 1.00 0.75 0.30
 86642359.025319   8  1    1 0.76  -0.51  -0.44   0.48   0.00   0.00   0.00  19.0   125    3    1 1.00 1.00 1.00 1.00 1.00 1.00 0.76 0.30
 86642359.125319   7  1    1 0.78  -0.45  -0.10   0.49   0.00   0.00   0.00  19.1   123    3    1 1.00 1.00 1.00 1.00 1.00 1.00 0.78 0.29
 86642359.225319   7  1    1 0.78  -0.45  -0.11   0.49   0.00   0.00   0.00  19.2   123    3    1 1.00 1.00 1.00 1.00 1.00 1.00 0.79 0.29
 86642359.325319   7  1    1 0.78  -0.45  -0.13   0.49   0.00   0.00   0.00  19.3   123    3    1 1.00 1.00 1.00 0.99 1.00 1.00 0.79 0.28
 86642359.425319   7  1    1 0.79  -0.45  -0.16   0.49   0.00   0.00   0.00  19.4   123    3    1 1.00 1.00 1.00 0.99 1.00 1.00 0.79 0.28
 86642359.525319   8  1    1 0.79  -0.45  -0.18   0.48   0.00   0.00   0.00  19.5   123    3    1 1.00 1.00 1.00 0.99 1.00 1.00 0.80 0.28
 86642359.625319   8  1    1 0.80  -0.45  -0.21   0.48   0.00   0.00   0.00  19.6   123    3    1 1.00 1.00 1.00 0.99 1.00 1.00 0.80 0.28
 86642359.725319   8  1    1 0.80  -0.45  -0.22   0.48   0.00   0.00   0.00  19.7   123    3    1 1.00 1.00 1.00 1.00 1.00 1.00 0.80 0.28
 86642359.825319   9  1    1 0.81  -0.45  -0.24   0.48   0.00   0.00   0.00  19.8   124    3    1 1.00 1.00 1.00 1.00 1.00 1.00 0.81 0.28
 86642359.925319   8  1    1 0.81  -0.45  -0.25   0.48   0.00   0.00   0.00  19.9   123    3    1 1.00 1.00 1.00 1.00 1.00 1.00 0.81 0.28
 86642360.025319   8  1    1 0.81  -0.45  -0.26   0.48   0.00   0.00   0.00  20.0   123    3    1 1.00 1.00 1.00 1.00 1.00 1.00 0.81 0.28
 86642360.125319   7  1    1 0.65  -0.44   0.05   0.50   0.00   0.00   0.00  20.1   122    2    1 0.67 1.00 1.00 0.99 1.00 1.00 0.98 0.21
 86642360.225319   7  1    1 0.65  -0.43   0.05   0.50   0.00   0.00   0.00  20.2   122    2    1 0.67 1.00 1.00 0.99 1.00 1.00 0.98 0.21
 86642360.325319   7  1    1 0.65  -0.43   0.05   0.50   0.00   0.00   0.00  20.3   122    2    1 0.67 1.00 1.00 0.99 1.00 1.00 0.98 0.21
 86642360.425319   7  1    1 0.65  -0.43   0.06   0.50   0.00   0.00   0.00  20.4   122    2    1 0.67 1.00 1.00 0.99 1.00 1.00 0.98 0.21
 86642360.525319   8  1    1 0.65  -0.42   0.07   0.50   0.00   0.00   0.00  20.5   123    2    1 0.67 1.00 1.00 1.00 1.00 1.00 0.98 0.21
 86642360.625319   8  1    1 0.65  -0.42   0.07   0.50   0.00   0.00   0.00  20.6   122    2    1 0.67 1.00 1.00 0.99 1.00 1.00 0.98 0.21
 86642360.725319   9  1    1 0.65  -0.42   0.08   0.50   0.00   0.00   0.00  20.7   123    2    1 0.67 1.00 1.00 1.00 1.00 1.00 0.98 0.21
 86642360.825319   9  1    1 0.65  -0.41   0.08   0.50   0.00   0.00   0.00  20.8   123    2    1 0.67 1.00 1.00 1.00 1.00 1.00 0.98 0.21
 86642360.925319   9  1    1 0.65  -0.41   0.09   0.50   0.00   0.00   0.00  20.9   122    2    1 0.67 1.00 1.00 1.00 1.00 1.00 0.98 0.21
 86642361.025319   9  1    1 0.65  -0.41   0.09   0.50   0.00   0.00   0.00  21.0   122    2    1 0.67 1.00 1.00 1.00 1.00 1.00 0.98 0.21
 86642361.125319   9  1    1 0.65  -0.41   0.09   0.50   0.00   0.00   0.00  21.1   122    2    1 0.67 1.00 1.00 1.00 1.00 1.00 0.98 0.21
 86642361.225319   9  1    1 0.65  -0.41   0.09   0.50   0.00   0.00   0.00  21.2   122    2    1 0.67 1.00 1.00 0.99 1.00 1.00 0.98 0.21
 86642361.325319   9  1    1 0.65  -0.40   0.09   0.50   0.00   0.00   0.00  21.3   122    2    1 0.67 1.00 1.00 0.99 1.00 1.00 0.98 0.21
 86642361.425319   9  1    1 0.65  -0.40   0.09   0.50   0.00   0.00   0.00  21.4   123    2    1 0.67 1.00 1.00 1.00 1.00 1.00 0.98 0.21
 86642361.525319   8  1    1 0.65  -0.40   0.09   0.50   0.00   0.00   0.00  21.5   123    2    1 0.67 1.00 1.00 1.00 1.00 1.00 0.98 0.21
 86642361.625319   8  1    1 0.65  -0.40   0.09   0.50   0.00   0.00   0.00  21.6   123    2    1 0.67 1.00 1.00 1.00 1.00 1.00 0.98 0.21
 86642361.725319   8  1    1 0.65  -0.40   0.09   0.49   0.00   0.00   0.00  21.7   121    2    1 0.67 1.00 1.00 0.99 1.00 1.00 0.98 0.21
 86642361.825319   8  1    1 0.65  -0.40   0.09   0.50   0.00   0.00   0.00  21.8   122    2    1 0.67 1.00 1.00 1.00 1.00 1.00 0.98 0.21
 86642361.925319   8  1    1 0.65  -0.40   0.09   0.50   0.00   0.00   0.00  21.9   122    2    1 0.67 1.00 1.00 1.00 1.00 1.00 0.98 0.21
 86642362.025319   8  1    1 0.65  -0.40   0.09   0.50   0.00   0.00   0.00  22.0   122    2    1 0.67 1.00 1.00 1.00 1.00 1.00 0.98 0.21
 86642362.125319   8  1    1 0.65  -0.40   0.09   0.50   0.00   0.00   0.00  22.1   122    2    1 0.67 1.00 1.00 0.99 1.00 1.00 0.98 0.21
 86642362.225319   7  1    1 0.65  -0.40   0.09   0.50   0.00   0.00   0.00  22.2   122    2    1 0.67 1.00 1.00 0.99 1.00 1.00 0.98 0.21
 86642362.325319   7  1    1 0.65  -0.40   0.09   0.50   0.00   0.00   0.00  22.3   122    2    1 0.67 1.00 1.00 0.99 1.00 1.00 0.98 0.21
 86642362.425319   6  1    1 0.65  -0.40   0.09   0.50   0.00   0.00   0.00  22.4   122    2    1 0.67 1.00 1.00 0.99 1.00 1.00 0.98 0.21
 86642362.525319   6  1    1 0.65  -0.40   0.09   0.50   0.00   0.00   0.00  22.5   122    2    1 0.67 1.00 1.00 1.00 1.00 1.00 0.98 0.21
 86642362.625319   6  1    1 0.65  -0.40   0.09   0.49   0.00   0.00   0.00  22.6   123    2    1 0.67 1.00 1.00 1.00 1.00 1.00 0.98 0.21
 86642362.725319   6  1    1 0.65  -0.40   0.09   0.50   0.00   0.00   0.00  22.7   122    2    1 0.67 1.00 1.00 1.00 1.00 1.00 0.98 0.21
 86642362.825319   6  1    1 0.65  -0.40   0.09   0.50   0.00   0.00   0.00  22.8   122    2    1 0.67 1.00 1.00 1.00 1.00 1.00 0.98 0.21
 86642362.925319   7  1    1 0.65  -0.40   0.09   0.50   0.00   0.00   0.00  22.9   122    2    1 0.67 1.00 1.00 1.00 1.00 1.00 0.98 0.21
 86642363.025319   6  1    1 0.65  -0.40   0.09   0.50   0.00   0.00   0.00  23.0   122    2    1 0.67 1.00 1.00 1.00 1.00 1.00 0.98 0.21
 86642363.125319   6  1    1 0.65  -0.41   0.09   0.50   0.00   0.00   0.00  23.1   122    2    1 0.67 1.00 1.00 0.99 1.00 1.00 0.98 0.21
 86642363.225319   6  1    1 0.65  -0.41   0.09   0.50   0.00   0.00   0.00  23.2   122    2    1 0.67 1.00 1.00 0.99 1.00 1.00 0.98 0.21
 86642363.325319   5  1    1 0.82  -0.42  -0.21   0.48   0.00   0.00   0.00  23.3   124    3    1 1.00 1.00 1.00 1.00 1.00 1.00 0.82 0.27
 86642363.425319   4  1    1 0.82  -0.42  -0.21   0.48   0.00   0.00   0.00  23.4   123    3    1 1.00 1.00 1.00 1.00 1.00 1.00 0.82 0.27
 86642363.525319   5  1    1 0.82  -0.42  -0.21   0.48   0.00   0.00   0.00  23.5   123    3    1 1.00 1.00 1.00 1.00 1.00 1.00 0.82 0.27
 86642363.625319   5  1    1 0.82  -0.42  -0.21   0.48   0.00   0.00   0.00  23.6   123    3    1 1.00 1.00 1.00 1.00 1.00 1.00 0.82 0.27
 86642363.725319   5  1    1 0.82  -0.42  -0.21   0.48   0.00   0.00   0.00  23.7   124    3    1 1.00 1.00 1.00 1.00 1.00 1.00 0.82 0.27
 86642363.825319   5  1    1 0.82  -0.42  -0.21   0.48   0.00   0.00   0.00  23.8   123    3    1 1.00 1.00 1.00 1.00 1.00 1.00 0.82 0.27
 86642363.925319   5  1    1 0.82  -0.42  -0.21   0.48   0.00   0.00   0.00  23.9   123    3    1 1.00 1.00 1.00 1.00 1.00 1.00 0.82 0.27
 86642364.025319   6  1    1 0.82  -0.42  -0.21   0.48   0.00   0.00   0.00  24.0   123    3    1 1.00 1.00 1.00 1.00 1.00 1.00 0.82 0.27
 86642364.125319   6  1    1 0.82  -0.42  -0.21   0.48   0.00   0.00   0.00  24.1   123    3    1 1.00 1.00 1.00 1.00 1.00 1.00 0.82 0.27
 86642364.225319   7  1    1 0.81  -0.42  -0.21   0.48   0.00   0.00   0.00  24.2   123    3    1 1.00 1.00 1.00 0.99 1.00 1.00 0.82 0.27
 86642364.325319   7  1    1 0.81  -0.42  -0.21   0.48   0.00   0.00   0.00  24.3   123    3    1 1.00 1.00 1.00 0.99 1.00 1.00 0.82 0.27
 86642364.425319   7  1    1 0.81  -0.42  -0.21   0.48   0.00   0.00   0.00  24.4   123    3    1 1.00 1.00 1.00 0.99 1.00 1.00 0.82 0.27
 86642364.525319   7  1    1 0.82  -0.42  -0.21   0.48   0.00   0.00   0.00  24.5   123    3    1 1.00 1.00 1.00 1.00 1.00 1.00 0.82 0.27
 86642364.625319   8  1    1 0.82  -0.42  -0.21   0.48   0.00   0.00   0.00  24.6   123    3    1 1.00 1.00 1.00 1.00 1.00 1.00 0.82 0.27
 86642364.725319   8  1    1 0.82  -0.42  -0.21   0.48   0.00   0.00   0.00  24.7   123    3    1 1.00 1.00 1.00 1.00 1.00 1.00 0.82 0.27
 86642364.825319   8  1    1 0.82  -0.41  -0.20   0.48   0.00   0.00   0.00  24.8   123    3    1 1.00 1.00 1.00 1.00 1.00 1.00 0.82 0.27
 86642364.925319   8  1    1 0.81  -0.41  -0.20   0.48   0.00   0.00   0.00  24.9   123    3    1 1.00 1.00 1.00 0.99 1.00 1.00 0.82 0.27
 86642365.025319   8  1    1 0.81  -0.41  -0.20   0.48   0.00   0.00   0.00  25.0   123    3    1 1.00 1.00 1.00 0.99 1.00 1.00 0.82 0.27
 86642365.125319   8  1    1 0.81  -0.41  -0.20   0.48   0.00   0.00   0.00  25.1   123    3    1 1.00 1.00 1.00 0.99 1.00 1.00 0.82 0.27
 86642365.225319   8  1    1 0.81  -0.41  -0.20   0.48   0.00   0.00   0.00  25.2   123    3    1 1.00 1.00 1.00 0.99 1.00 1.00 0.82 0.27
 86642365.325319   8  1    1 0.65  -0.40   0.10   0.50   0.00   0.00   0.00  25.3   121    2    1 0.67 1.00 1.00 1.00 1.00 1.00 0.98 0.21
 86642365.425319   7  1    1 0.65  -0.40   0.09   0.50   0.00   0.00   0.00  25.4   122    2    1 0.67 1.00 1.00 1.00 1.00 1.00 0.98 0.21
 86642365.525319   7  1    1 0.65  -0.40   0.09   0.50   0.00   0.00   0.00  25.5   122    2    1 0.67 1.00 1.00 1.00 1.00 1.00 0.98 0.21
 86642365.625319   7  1    1 0.65  -0.40   0.09   0.50   0.00   0.00   0.00  25.6   122    2    1 0.67 1.00 1.00 1.00 1.00 1.00 0.98 0.21
 86642365.725319   7  1    1 0.65  -0.40   0.09   0.50   0.00   0.00   0.00  25.7   122    2    1 0.67 1.00 1.00 1.00 1.00 1.00 0.98 0.21
 86642365.825319   7  1    1 0.65  -0.40   0.09   0.50   0.00   0.00   0.00  25.8   122    2    1 0.67 1.00 1.00 1.00 1.00 1.00 0.98 0.21
 86642365.925319   7  1    1 0.65  -0.40   0.09   0.50   0.00   0.00   0.00  25.9   122    2    1 0.67 1.00 1.00 0.99 1.00 1.00 0.98 0.21
 86642366.025319   7  1    1 0.65  -0.40   0.07   0.50   0.00   0.00   0.00  26.0   122    2    1 0.67 1.00 1.00 0.99 1.00 1.00 0.98 0.21
 86642366.125319   7  1    1 0.65  -0.39   0.05   0.50   0.00   0.00   0.00  26.1   122    2    1 0.67 1.00 1.00 0.99 1.00 1.00 0.98 0.21
 86642366.225319   7  1    1 0.66  -0.40  -0.02   0.49   0.00   0.00   0.00  26.2   123    2    1 0.67 1.00 1.00 1.00 1.00 1.00 0.99 0.21
 86642366.325319   7  1    1 0.66  -0.42  -0.11   0.49   0.00   0.00   0.00  26.3   123    2    1 0.67 1.00 1.00 1.00 1.00 1.00 0.99 0.20
 86642366.425319   7  1    1 0.66  -0.43  -0.17   0.48   0.00   0.00   0.00  26.4   121    2    1 0.67 1.00 1.00 1.00 1.00 1.00 0.99 0.20
 86642366.525319   7  1    1 0.66  -0.44  -0.23   0.47   0.00   0.00   0.00  26.5   117    2    1 0.67 1.00 1.00 1.00 1.00 1.00 0.99 0.20
 86642366.625319   9  1    1 0.64  -0.48  -0.37   0.45   0.00   0.00   0.00  26.6   114    2    1 0.67 1.00 1.00 0.99 1.00 1.00 0.96 0.22
 86642366.725319   9  1    1 0.54  -0.65  -1.78   0.39   0.00   0.00   0.00  26.7   115    2    1 0.67 1.00 1.00 1.00 1.00 1.00 0.81 0.28
 86642366.825319   9  1    1 0.53  -0.74  -2.50   0.36   0.00   0.00   0.00  26.8   118    2    1 0.67 1.00 1.00 0.99 1.00 1.00 0.80 0.28
 86642366.925319   9  1    1 0.54  -0.77  -2.77   0.34   0.00   0.00   0.00  26.9   120    2    1 0.67 1.00 1.00 1.00 1.00 1.00 0.82 0.27
 86642367.025319   9  1    1 0.55  -0.78  -2.87   0.34   0.00   0.00   0.00  27.0   119    2    1 0.67 1.00 1.00 0.99 1.00 1.00 0.83 0.27
 86642367.125319   9  1    1 0.55  -0.79  -2.91   0.33   0.00   0.00   0.00  27.1   116    2    1 0.67 1.00 1.00 0.99 1.00 1.00 0.84 0.27
 86642367.225319   9  1    1 0.56  -0.80  -2.95   0.33   0.00   0.00   0.00  27.2   113    2    1 0.67 1.00 1.00 0.99 1.00 1.00 0.84 0.26
 86642367.325319   9  1    1 0.56  -0.81  -3.00   0.33   0.00   0.00   0.00  27.3   110    2    1 0.67 1.00 1.00 0.99 1.00 1.00 0.85 0.26
 86642367.425319   9  1    1 0.57  -0.83  -3.06   0.33   0.00   0.00   0.00  27.4   106    2    1 0.67 1.00 1.00 0.99 1.00 1.00 0.87 0.25
 86642367.525319   9  1    1 0.58  -0.84  -3.11   0.33   0.00   0.00   0.00  27.5   103    2    1 0.67 1.00 1.00 0.99 1.00 1.00 0.88 0.25
 86642367.625319   9  1    1 0.59  -0.86  -3.17   0.32   0.00   0.00   0.00  27.6   100    2    1 0.67 1.00 1.00 0.99 1.00 1.00 0.90 0.24
 86642367.725319   9  1    1 0.60  -0.87  -3.23   0.32   0.00   0.00   0.00  27.7    97    2    1 0.67 1.00 1.00 0.99 1.00 1.00 0.91 0.23
 86642367.825319   9  1    1 0.61  -0.89  -3.29   0.32   0.00   0.00   0.00  27.8    94    2    1 0.67 1.00 1.00 0.99 1.00 1.00 0.93 0.23
 86642367.925319  10  1    1 0.61  -0.90  -3.36   0.32   0.00   0.00   0.00  27.9    89    2    1 0.67 1.00 1.00 0.95 1.00 1.00 0.95 0.22
 86642368.025319  10  1    1 0.64  -0.93  -3.44   0.32   0.00   0.00   0.00  28.0    85    2    1 0.67 1.00 1.00 0.98 1.00 1.00 0.98 0.21
 86642368.125319   9  1    1 0.67  -0.95  -3.52   0.32   0.00   0.00   0.00  28.1    80    2    1 0.67 1.00 1.00 1.00 1.00 1.00 1.00 0.20
 86642368.225319   9  1    1 0.63  -0.98  -3.63   0.31   0.00   0.00   0.00  28.2    73    2    1 0.67 1.00 1.00 0.95 1.00 1.00 1.00 0.18
 86642368.325319   9  1    1 0.60  -1.01  -3.74   0.31   0.00   0.00   0.00  28.3    67    2    1 0.67 1.00 1.00 0.90 1.00 1.00 1.00 0.17
 86642368.425319   9  1    1 0.57  -1.02  -3.80   0.30   0.00   0.00   0.00  28.4    63    2    1 0.67 1.00 1.00 0.85 1.00 1.00 1.00 0.16
 86642368.525319   9  1    1 0.53  -1.01  -3.81   0.30   0.00   0.00   0.00  28.5    60    2    1 0.67 1.00 1.00 0.80 1.00 1.00 1.00 0.15
 86642368.625319   8  1    1 0.50  -0.99  -3.81   0.30   0.00   0.00   0.00  28.6    57    2    1 0.67 1.00 1.00 0.75 1.00 1.00 1.00 0.15
 86642368.725319   9  1    1 0.47  -0.99  -3.77   0.31   0.00   0.00   0.00  28.7    50    2    1 0.67 1.00 1.00 0.70 1.00 1.00 1.00 0.15
 86642368.825319   9  1    1 0.43  -0.99  -3.66   0.33   0.00   0.00   0.00  28.8    41    2    1 0.67 1.00 1.00 0.65 1.00 1.00 1.00 0.14
 86642368.925319   9  1    1 0.40  -0.95  -3.28   0.34   0.00   0.00   0.00  28.9    33    2    1 0.67 1.00 1.00 0.60 1.00 1.00 1.00 0.12
 86642369.025319   8  1    1 0.67  -0.82  -2.69   0.32   0.00   0.00   0.00  29.0    30    2    1 0.67 1.00 1.00 1.00 1.00 1.00 1.00 0.10
 86642369.125319   9  1    1 0.67  -0.81  -2.90   0.29   0.00   0.00   0.00  29.1    32    2    1 0.67 1.00 1.00 1.00 1.00 1.00 1.00 0.12
 86642369.225319   9  2    1 0.66  -0.78  -2.92   0.28   0.00   0.00   0.00  29.2    32    2    1 0.67 1.00 1.00 1.00 1.00 1.00 1.00 0.12
 86642369.225319   9  2    2 0.61   0.51  -1.53   0.81   0.00   0.00   0.00  29.1    40    3    1 1.00 1.00 1.00 1.00 1.00 1.00 0.62 0.35
 86642369.325319  10  2    2 0.64   0.26  -1.73   0.65   0.00   0.00   0.00  29.2    45    3    1 1.00 1.00 1.00 0.98 1.00 1.00 0.65 0.34
 86642369.325319  10  2    1 0.63  -0.76  -2.92   0.28   0.00   0.00   0.00  29.3    29    2    1 0.67 1.00 1.00 0.95 1.00 1.00 1.00 0.12
 86642369.425319  10  2    2 0.61   0.26  -1.73   0.65   0.00   0.00   0.00  29.3    45    3    1 1.00 1.00 1.00 0.93 1.00 1.00 0.65 0.34
 86642369.425319  10  2    1 0.60  -0.74  -2.92   0.27   0.00   0.00   0.00  29.4    26    2    1 0.67 1.00 1.00 0.90 1.00 1.00 1.00 0.13
 86642369.525319  10  2    2 0.58   0.26  -1.73   0.65   0.00   0.00   0.00  29.4    45    3    1 1.00 1.00 1.00 0.88 1.00 1.00 0.65 0.34
 86642369.525319  10  2    1 0.56  -0.73  -2.92   0.26   0.00   0.00   0.00  29.5    23    2    1 0.67 1.00 1.00 0.85 1.00 1.00 1.00 0.13
 86642369.625319  11  2    2 0.66   0.16  -1.81   0.58   0.00   0.00   0.00  29.5    46    3    1 1.00 1.00 1.00 0.99 1.00 1.00 0.67 0.33
 86642369.625319  11  2    1 0.53  -0.70  -2.92   0.25   0.00   0.00   0.00  29.6    20    2    1 0.67 1.00 1.00 0.80 1.00 1.00 1.00 0.13
 86642369.725319  11  2    1 0.66  -0.63  -2.87   0.28   0.00   0.00   0.00  29.7    20    2    1 0.67 1.00 1.00 0.99 1.00 1.00 1.00 0.13
 86642369.725319  11  2    2 0.63   0.16  -1.81   0.58   0.00   0.00   0.00  29.6    46    3    1 1.00 1.00 1.00 0.94 1.00 1.00 0.67 0.33
 86642369.825319  11  2    2 0.66   0.08  -1.87   0.53   0.00   0.00   0.00  29.7    47    3    1 1.00 1.00 1.00 0.98 1.00 1.00 0.68 0.33
 86642369.825319  11  2    1 0.66  -0.58  -2.85   0.30   0.00   0.00   0.00  29.8    20    2    1 0.67 1.00 1.00 0.99 1.00 1.00 1.00 0.11
 86642369.925319  11  2    1 0.66  -0.58  -2.84   0.31   0.00   0.00   0.00  29.9    22    2    1 0.67 1.00 1.00 0.99 1.00 1.00 1.00 0.11
 86642369.925319  11  2    2 0.63   0.08  -1.87   0.53   0.00   0.00   0.00  29.8    47    3    1 1.00 1.00 1.00 0.93 1.00 1.00 0.68 0.33
